#! FIELDS time d1 d2 d3 d4 Rg uwall.bias uwall.force2
 0.000000 2.388884 1.586305 1.372584 2.151383 2.307209 0.000000 0.000000
 1.000000 2.377620 1.618515 1.395559 2.185982 2.317715 0.000000 0.000000
 2.000000 2.344139 1.560242 1.413334 2.127625 2.323904 0.000000 0.000000
 3.000000 2.370450 1.588797 1.362590 2.133719 2.326567 0.000000 0.000000
 4.000000 2.317546 1.559024 1.362099 2.143319 2.323033 0.000000 0.000000
 5.000000 2.310129 1.527069 1.343301 2.083358 2.332907 0.000000 0.000000
 6.000000 2.307829 1.528029 1.338256 2.125782 2.326221 0.000000 0.000000
 7.000000 2.409618 1.665764 1.361176 2.131375 2.328676 0.000000 0.000000
 8.000000 2.362671 1.560280 1.374719 2.071420 2.329822 0.000000 0.000000
 9.000000 2.409843 1.609077 1.444313 2.138154 2.326843 0.000000 0.000000
 10.000000 2.313163 1.535479 1.457127 2.167428 2.326339 0.000000 0.000000
 11.000000 2.411431 1.601961 1.559905 2.193930 2.322747 0.000000 0.000000
 12.000000 2.426655 1.636713 1.550566 2.239979 2.328184 0.000000 0.000000
 13.000000 2.441045 1.638327 1.560852 2.249119 2.333808 0.000000 0.000000
 14.000000 2.453606 1.650971 1.592252 2.193685 2.332309 0.000000 0.000000
 15.000000 2.371417 1.585227 1.606252 2.175150 2.333878 0.000000 0.000000
 16.000000 2.434263 1.665483 1.624330 2.322187 2.333940 0.000000 0.000000
 17.000000 2.427537 1.612340 1.588871 2.199677 2.332440 0.000000 0.000000
 18.000000 2.463896 1.658541 1.523926 2.224492 2.342137 0.000000 0.000000
 19.000000 2.384693 1.578018 1.495800 2.152900 2.329511 0.000000 0.000000
 20.000000 2.410681 1.625329 1.551152 2.141299 2.337751 0.000000 0.000000
 21.000000 2.324459 1.521636 1.501037 2.140574 2.331064 0.000000 0.000000
 22.000000 2.376035 1.615785 1.482168 2.121433 2.330917 0.000000 0.000000
 23.000000 2.303226 1.524821 1.425916 2.067780 2.328968 0.000000 0.000000
 24.000000 2.357950 1.557102 1.440640 2.086692 2.330114 0.000000 0.000000
 25.000000 2.363835 1.595738 1.476209 2.137326 2.330385 0.000000 0.000000
 26.000000 2.352709 1.616278 1.462511 2.154642 2.322169 0.000000 0.000000
 27.000000 2.424929 1.625156 1.490571 2.128478 2.323237 0.000000 0.000000
 28.000000 2.398599 1.627415 1.498362 2.141190 2.322221 0.000000 0.000000
 29.000000 2.362645 1.576380 1.453266 2.107777 2.319606 0.000000 0.000000
 30.000000 2.366333 1.574364 1.402653 2.095402 2.323326 0.000000 0.000000
 31.000000 2.366899 1.583814 1.476784 2.118374 2.335674 0.000000 0.000000
 32.000000 2.379527 1.630702 1.473204 2.175981 2.323130 0.000000 0.000000
 33.000000 2.337663 1.553284 1.440169 2.134905 2.320056 0.000000 0.000000
 34.000000 2.342377 1.535832 1.392573 2.097616 2.318387 0.000000 0.000000
 35.000000 2.353840 1.563376 1.356854 2.080115 2.316327 0.000000 0.000000
 36.000000 2.424850 1.625361 1.308152 2.085554 2.315515 0.000000 0.000000
 37.000000 2.416775 1.606007 1.361415 2.083268 2.317718 0.000000 0.000000
 38.000000 2.420547 1.624261 1.396695 2.132099 2.321040 0.000000 0.000000
 39.000000 2.373141 1.603412 1.386511 2.054572 2.333544 0.000000 0.000000
 40.000000 2.414018 1.631145 1.458853 2.173678 2.338799 0.000000 0.000000
 41.000000 2.410306 1.613387 1.420567 2.139819 2.331639 0.000000 0.000000
 42.000000 2.397782 1.609338 1.426882 2.131627 2.333439 0.000000 0.000000
 43.000000 2.391932 1.579462 1.349654 2.068223 2.331245 0.000000 0.000000
 44.000000 2.332603 1.575845 1.382616 2.047095 2.329072 0.000000 0.000000
 45.000000 2.342061 1.543150 1.343768 2.043903 2.326081 0.000000 0.000000
 46.000000 2.409675 1.614292 1.488417 2.112306 2.333712 0.000000 0.000000
 47.000000 2.327386 1.557170 1.493354 2.084927 2.331047 0.000000 0.000000
 48.000000 2.349459 1.597111 1.424707 2.060982 2.333882 0.000000 0.000000
 49.000000 2.386558 1.656162 1.523963 2.129392 2.332542 0.000000 0.000000
 50.000000 2.318940 1.566123 1.488488 2.092606 2.325419 0.000000 0.000000
 51.000000 2.367768 1.617975 1.399259 2.063019 2.328408 0.000000 0.000000
 52.000000 2.374257 1.611177 1.385490 2.091312 2.331956 0.000000 0.000000
 53.000000 2.436382 1.682182 1.412178 2.099673 2.333457 0.000000 0.000000
 54.000000 2.518680 1.730753 1.428960 2.143506 2.336941 0.000000 0.000000
 55.000000 2.460479 1.702508 1.414181 2.161632 2.334125 0.000000 0.000000
 56.000000 2.471950 1.722349 1.483715 2.167616 2.331842 0.000000 0.000000
 57.000000 2.473924 1.713528 1.480304 2.175399 2.331704 0.000000 0.000000
 58.000000 2.361840 1.656660 1.490290 2.207606 2.328133 0.000000 0.000000
 59.000000 2.417743 1.705261 1.522309 2.191551 2.331620 0.000000 0.000000
 60.000000 2.482020 1.736806 1.522063 2.180126 2.331068 0.000000 0.000000
 61.000000 2.337868 1.636556 1.514692 2.185346 2.325023 0.000000 0.000000
 62.000000 2.310494 1.611489 1.642135 2.207808 2.318690 0.000000 0.000000
 63.000000 2.307513 1.587260 1.514865 2.209184 2.318670 0.000000 0.000000
 64.000000 2.409632 1.637891 1.463604 2.145249 2.326760 0.000000 0.000000
 65.000000 2.280437 1.529676 1.407522 2.076491 2.326999 0.000000 0.000000
 66.000000 2.388600 1.648695 1.483955 2.171069 2.331899 0.000000 0.000000
 67.000000 2.366485 1.610221 1.516646 2.176979 2.327405 0.000000 0.000000
 68.000000 2.326318 1.586738 1.442899 2.137275 2.325749 0.000000 0.000000
 69.000000 2.355780 1.650163 1.504217 2.164167 2.326652 0.000000 0.000000
 70.000000 2.396604 1.656506 1.483469 2.137347 2.322150 0.000000 0.000000
 71.000000 2.367876 1.592131 1.529376 2.158971 2.325213 0.000000 0.000000
 72.000000 2.355888 1.641959 1.531837 2.146537 2.323880 0.000000 0.000000
 73.000000 2.370216 1.659470 1.508351 2.142891 2.326950 0.000000 0.000000
 74.000000 2.418722 1.724258 1.442315 2.087836 2.340754 0.000000 0.000000
 75.000000 2.381612 1.683469 1.546139 2.204089 2.337854 0.000000 0.000000
 76.000000 2.421214 1.702313 1.506009 2.183525 2.341249 0.000000 0.000000
 77.000000 2.464223 1.724547 1.476126 2.215802 2.331836 0.000000 0.000000
 78.000000 2.429179 1.678998 1.428998 2.185398 2.334970 0.000000 0.000000
 79.000000 2.393624 1.686461 1.453864 2.196109 2.323973 0.000000 0.000000
 80.000000 2.375766 1.677169 1.459724 2.171765 2.325908 0.000000 0.000000
 81.000000 2.343544 1.643001 1.420359 2.188424 2.325284 0.000000 0.000000
 82.000000 2.418562 1.714881 1.470439 2.172078 2.329207 0.000000 0.000000
 83.000000 2.426903 1.742386 1.425322 2.160138 2.331916 0.000000 0.000000
 84.000000 2.427096 1.715924 1.500068 2.170322 2.331995 0.000000 0.000000
 85.000000 2.412848 1.696615 1.462755 2.113960 2.332975 0.000000 0.000000
 86.000000 2.502397 1.784225 1.436769 2.186447 2.336478 0.000000 0.000000
 87.000000 2.509819 1.783082 1.513100 2.234229 2.333837 0.000000 0.000000
 88.000000 2.462189 1.693913 1.479612 2.156657 2.332859 0.000000 0.000000
 89.000000 2.365073 1.613263 1.523616 2.166522 2.329681 0.000000 0.000000
 90.000000 2.460587 1.696406 1.496119 2.178784 2.327412 0.000000 0.000000
 91.000000 2.419385 1.638781 1.448402 2.105699 2.327261 0.000000 0.000000
 92.000000 2.479930 1.685611 1.523079 2.145638 2.322969 0.000000 0.000000
 93.000000 2.374466 1.592127 1.487819 2.099342 2.326778 0.000000 0.000000
 94.000000 2.437655 1.664844 1.492381 2.157768 2.333645 0.000000 0.000000
 95.000000 2.389392 1.626939 1.457211 2.131270 2.328021 0.000000 0.000000
 96.000000 2.417182 1.641888 1.429398 2.158281 2.326892 0.000000 0.000000
 97.000000 2.456388 1.675327 1.368115 2.118335 2.329780 0.000000 0.000000
 98.000000 2.450213 1.681218 1.425195 2.153529 2.321981 0.000000 0.000000
 99.000000 2.454250 1.637942 1.341981 2.093768 2.321684 0.000000 0.000000
 100.000000 2.475644 1.692130 1.404416 2.111912 2.325904 0.000000 0.000000
 101.000000 2.484160 1.725226 1.334889 2.078884 2.322307 0.000000 0.000000
 102.000000 2.525089 1.733120 1.416976 2.142111 2.328218 0.000000 0.000000
 103.000000 2.539826 1.744358 1.423510 2.155104 2.322662 0.000000 0.000000
 104.000000 2.534882 1.720831 1.371239 2.123280 2.325696 0.000000 0.000000
 105.000000 2.494264 1.688495 1.394799 2.096509 2.320306 0.000000 0.000000
 106.000000 2.429025 1.651283 1.450609 2.113577 2.323383 0.000000 0.000000
 107.000000 2.378340 1.607128 1.483669 2.165833 2.324469 0.000000 0.000000
 108.000000 2.368202 1.596972 1.512165 2.149886 2.327296 0.000000 0.000000
 109.000000 2.461841 1.670865 1.456958 2.103293 2.322987 0.000000 0.000000
 110.000000 2.479813 1.717568 1.500963 2.189810 2.315564 0.000000 0.000000
 111.000000 2.533772 1.761473 1.467283 2.200173 2.311587 0.000000 0.000000
 112.000000 2.496734 1.633728 1.418737 2.130903 2.310140 0.000000 0.000000
 113.000000 2.423436 1.664801 1.493555 2.214432 2.308672 0.000000 0.000000
 114.000000 2.420580 1.625862 1.408876 2.114557 2.310129 0.000000 0.000000
 115.000000 2.375736 1.608837 1.464367 2.159880 2.298333 0.000000 0.000000
 116.000000 2.383115 1.618966 1.477332 2.139084 2.301614 0.000000 0.000000
 117.000000 2.470756 1.662990 1.421679 2.079485 2.311088 0.000000 0.000000
 118.000000 2.470211 1.712774 1.435259 2.181211 2.310433 0.000000 0.000000
 119.000000 2.501164 1.712098 1.475447 2.148049 2.313995 0.000000 0.000000
 120.000000 2.394516 1.637826 1.481221 2.161313 2.310540 0.000000 0.000000
 121.000000 2.395692 1.635749 1.387600 2.121720 2.309676 0.000000 0.000000
 122.000000 2.390360 1.634316 1.463817 2.151166 2.302110 0.000000 0.000000
 123.000000 2.444256 1.652387 1.408547 2.123931 2.293629 0.000000 0.000000
 124.000000 2.466169 1.600151 1.378605 2.100671 2.294413 0.000000 0.000000
 125.000000 2.402792 1.608947 1.398881 2.139386 2.304119 0.000000 0.000000
 126.000000 2.420907 1.615582 1.469784 2.146303 2.295371 0.000000 0.000000
 127.000000 2.458666 1.639374 1.396993 2.120612 2.292594 0.000000 0.000000
 128.000000 2.409537 1.675194 1.539810 2.145315 2.295551 0.000000 0.000000
 129.000000 2.382463 1.657251 1.553918 2.140597 2.302921 0.000000 0.000000
 130.000000 2.377859 1.625329 1.533030 2.189106 2.305702 0.000000 0.000000
 131.000000 2.430766 1.691490 1.621274 2.201965 2.302985 0.000000 0.000000
 132.000000 2.348031 1.660275 1.562624 2.156698 2.298848 0.000000 0.000000
 133.000000 2.345192 1.622500 1.543241 2.149051 2.297813 0.000000 0.000000
 134.000000 2.398927 1.662511 1.495164 2.132227 2.296973 0.000000 0.000000
 135.000000 2.367296 1.649116 1.516671 2.157384 2.302184 0.000000 0.000000
 136.000000 2.418686 1.667142 1.500096 2.179355 2.303681 0.000000 0.000000
 137.000000 2.499509 1.744310 1.435857 2.205814 2.310939 0.000000 0.000000
 138.000000 2.457997 1.713716 1.430014 2.189329 2.297500 0.000000 0.000000
 139.000000 2.548069 1.804774 1.497374 2.212285 2.294153 0.000000 0.000000
 140.000000 2.525529 1.765069 1.424117 2.230549 2.298522 0.000000 0.000000
 141.000000 2.535101 1.774637 1.438268 2.245776 2.307431 0.000000 0.000000
 142.000000 2.498544 1.738622 1.401491 2.210221 2.311858 0.000000 0.000000
 143.000000 2.467759 1.667697 1.416853 2.219969 2.307788 0.000000 0.000000
 144.000000 2.497849 1.708224 1.371138 2.146788 2.308214 0.000000 0.000000
 145.000000 2.541519 1.746528 1.357957 2.161635 2.310142 0.000000 0.000000
 146.000000 2.537985 1.747201 1.376142 2.186786 2.312761 0.000000 0.000000
 147.000000 2.524592 1.748033 1.370791 2.228839 2.314892 0.000000 0.000000
 148.000000 2.462687 1.677728 1.337533 2.177860 2.320628 0.000000 0.000000
 149.000000 2.510636 1.729282 1.386822 2.184990 2.320096 0.000000 0.000000
 150.000000 2.541624 1.744718 1.393412 2.190725 2.323926 0.000000 0.000000
 151.000000 2.529807 1.750121 1.418259 2.198980 2.322625 0.000000 0.000000
 152.000000 2.610011 1.787659 1.381287 2.230119 2.327414 0.000000 0.000000
 153.000000 2.601946 1.764932 1.466260 2.243526 2.316082 0.000000 0.000000
 154.000000 2.571263 1.768817 1.468321 2.174329 2.310504 0.000000 0.000000
 155.000000 2.534399 1.750121 1.412161 2.230778 2.310942 0.000000 0.000000
 156.000000 2.510380 1.737997 1.381608 2.219336 2.310050 0.000000 0.000000
 157.000000 2.509705 1.757296 1.397648 2.229341 2.309401 0.000000 0.000000
 158.000000 2.507153 1.675700 1.391100 2.216557 2.313735 0.000000 0.000000
 159.000000 2.487083 1.653337 1.403859 2.152057 2.311981 0.000000 0.000000
 160.000000 2.416886 1.660522 1.373663 2.176027 2.305965 0.000000 0.000000
 161.000000 2.486693 1.716442 1.372722 2.233415 2.313295 0.000000 0.000000
 162.000000 2.497862 1.706344 1.368369 2.262145 2.319346 0.000000 0.000000
 163.000000 2.446732 1.654178 1.325406 2.220820 2.321069 0.000000 0.000000
 164.000000 2.479008 1.675712 1.346297 2.218688 2.332498 0.000000 0.000000
 165.000000 2.508927 1.714946 1.391000 2.210737 2.319553 0.000000 0.000000
 166.000000 2.542414 1.718373 1.377532 2.195163 2.320597 0.000000 0.000000
 167.000000 2.516462 1.729223 1.371872 2.203806 2.323535 0.000000 0.000000
 168.000000 2.573392 1.801992 1.361795 2.182449 2.326603 0.000000 0.000000
 169.000000 2.514959 1.724391 1.370550 2.218006 2.322286 0.000000 0.000000
 170.000000 2.375657 1.638024 1.366743 2.135862 2.320990 0.000000 0.000000
 171.000000 2.424720 1.654529 1.345413 2.209941 2.322679 0.000000 0.000000
 172.000000 2.473428 1.719869 1.352995 2.207356 2.330495 0.000000 0.000000
 173.000000 2.482519 1.725562 1.311714 2.175646 2.323317 0.000000 0.000000
 174.000000 2.484468 1.701635 1.293490 2.131438 2.323158 0.000000 0.000000
 175.000000 2.453104 1.679680 1.378790 2.121808 2.332634 0.000000 0.000000
 176.000000 2.407801 1.651506 1.391010 2.155279 2.328018 0.000000 0.000000
 177.000000 2.530179 1.769824 1.436251 2.237064 2.329469 0.000000 0.000000
 178.000000 2.518586 1.740741 1.389597 2.214377 2.329077 0.000000 0.000000
 179.000000 2.448858 1.652960 1.350934 2.162353 2.319567 0.000000 0.000000
 180.000000 2.459238 1.651751 1.405949 2.200014 2.315776 0.000000 0.000000
 181.000000 2.458240 1.649503 1.438921 2.225992 2.317696 0.000000 0.000000
 182.000000 2.472595 1.705523 1.420765 2.206115 2.317229 0.000000 0.000000
 183.000000 2.479689 1.742356 1.399205 2.187495 2.318792 0.000000 0.000000
 184.000000 2.507915 1.693647 1.343371 2.172227 2.321373 0.000000 0.000000
 185.000000 2.458830 1.701889 1.320960 2.175448 2.325055 0.000000 0.000000
 186.000000 2.474958 1.708080 1.388471 2.213914 2.327310 0.000000 0.000000
 187.000000 2.421056 1.655880 1.340001 2.124244 2.317681 0.000000 0.000000
 188.000000 2.400275 1.633891 1.347319 2.177740 2.327490 0.000000 0.000000
 189.000000 2.353369 1.584749 1.318126 2.071508 2.330579 0.000000 0.000000
 190.000000 2.409252 1.613847 1.278187 2.133576 2.330943 0.000000 0.000000
 191.000000 2.399233 1.615674 1.310054 2.144499 2.331400 0.000000 0.000000
 192.000000 2.334556 1.581088 1.329416 2.120740 2.326986 0.000000 0.000000
 193.000000 2.398215 1.605523 1.347342 2.112186 2.327327 0.000000 0.000000
 194.000000 2.438584 1.621419 1.383230 2.204620 2.332656 0.000000 0.000000
 195.000000 2.507328 1.689322 1.366511 2.174843 2.324630 0.000000 0.000000
 196.000000 2.516173 1.704654 1.344925 2.189006 2.323177 0.000000 0.000000
 197.000000 2.480847 1.668087 1.344670 2.180343 2.324321 0.000000 0.000000
 198.000000 2.447610 1.649840 1.287517 2.112996 2.319113 0.000000 0.000000
 199.000000 2.429781 1.588009 1.338524 2.128312 2.322146 0.000000 0.000000
 200.000000 2.501326 1.668621 1.364721 2.164989 2.326535 0.000000 0.000000
